stats: {'words': 252, 'P2': 108, 'SelTriple': 636, 'SelInter': 668, 'good': 668, 'notP2': 144}
vacuity (G,L): P2 words, P2 primitive words, P2+SelectedTriple:
    (1, 2) [2, 2, 0]
    (1, 3) [2, 2, 0]
    (2, 2) [4, 2, 0]
    (2, 3) [4, 2, 0]
    (3, 2) [8, 6, 2]
    (3, 3) [8, 6, 2]
    (4, 2) [8, 4, 10]
    (4, 3) [16, 12, 10]
    (5, 2) [2, 0, 46]
    (5, 3) [22, 20, 46]
    (6, 2) [4, 0, 260]
    (6, 3) [28, 18, 260]
bad selected-interleaving one-cycles on P2 genomes: 0
good selected-interleaving one-cycles (first 10):
    (4, 2, (0, 0, 0, 0), (1, 3, 0, 2))
    (4, 2, (0, 0, 0, 0), (2, 0, 3, 1))
    (4, 2, (0, 0, 0, 0), (2, 3, 1, 0))
    (4, 2, (0, 0, 0, 0), (3, 0, 1, 2))
    (4, 2, (0, 0, 0, 0), (3, 2, 0, 1))
    (4, 2, (0, 1, 0, 1), (3, 0, 1, 2))
    (4, 2, (1, 0, 1, 0), (3, 0, 1, 2))
    (4, 2, (1, 1, 1, 1), (1, 3, 0, 2))
    (4, 2, (1, 1, 1, 1), (2, 0, 3, 1))
    (4, 2, (1, 1, 1, 1), (2, 3, 1, 0))
